1002861732
1029207511
1036663592
1075845860
1095568657
1143064817
1156966391
1189615035
1197049855
1207734705
1210507130
1222268993
1271030380
1290297570
1293392677
1298301393
1314323037
1320471657
1336521444
1346376373
1371631875
1401626337
1404228690
1416793974
1444225292
1455197710
1470110647
1490187717
1494761561
1496908215
1569882637
1571568472
1581996881
1615112091
1636687317
1639843251
1641496137
1646942272
1648341241
1648970040
1651595252
1653859731
1655193293
1659096857
1662495630
1664207987
1664822514
1665176985
1666330110
1674411610
1675650297
1678547944
1683814612
1687232190
1689236965
1692712653
1703704777
1708837061
1709282765
1712407735
1721297761
1743040097
1743372361
1743519310
1744698961
1745453411
1749655165
1760327354
1767412865
1768166664
1768743225
1771124790
1772847793
1773416981
1773876951
1775870380
1786873881
1788760045
1803434981
1810541104
1818257047
1819068751
1821808052
1822299354
1827306410
1828824894
1830327915
1833869441
1837591523
1840987625
1842136381
1844477602
1845935593
1862203812
1865992905
1867959225
1870002657
1877423263
1880810665
1882838234
1883931783
1886004985
1890952502
1891513785
1894158641
1895567845
1903256441
1908248274
1908275435
1908733147
1915260175
1915825563
1920566193
1923271253
1930959835
1940861767
1945572317
1958150162
1961534797
1978471741
1991078212
1999449280
2002098011
2010226570
2022680307
2024085521
2044082510
2047400665
2054300185
2071119061
2071403210
2083951963
2090024993
2094451373
2098147640
2106855375
2114087867
2127416472
2134452841
2137281670
2138516603
2138706454
2139304620
2147042835
2150966732
2152988585
2172694723
2178388097
2179825195
2188929117
2200686180
2205169727
2216062462
2219967552
2231835504
2243735721
2246441810
2248827472
2248834985
2253159362
2293882255
2296432135
2296531022
2314630817
2317065992
2318594023
2335697385
2342329387
2342985420
2358578625
2379203211
2386517807
2393178684
2397997330
2432009827
2453614832
2475369037
2485122903
2495059305
2514803044
2523659393
2573091473
2602793613
2628714111
2636766700
2638340155
2638362497
2647909705
2647933025
2670184211
2680538511
2687299131
2706266814
2713318902
2728655990
2746296141
2747143811
2760275217
2796335744
2804690524
2809805017
2809841193
2820799260
2820829601
2823170691
2823417024
2851307520
2864476924
2865101843
2881033212
2881411530
2882083237
2901919945
2908502277
2918912251
2931624712
2940691913
2985899834
2990039163
2990066891
3003283257
3032369322
3034831705
3041375915
3042735491
3090442100
3096430141
3114584854
3134353481
3146661474
3163981344
3169473022
3173515672
3191063447
3197064344
3215217842
3226684390
3246150803
3250792650
3251001390
3262116493
3306115675
3314134741
3314313317
3410735984
3421165650
3477307655
3537350082
3543420821
3560510675
3671441245
3699487467
3702609717
3777516704
3782696734
3814774208
3845897543
3862723597
3887995963
3911479636
3917818499
3920631851
3947417797
46754431
5022385098
5026545449
5028941435
5033374779
5049052911
5049572637
5066008075
5072214555
5088727174
5091480789
5111570736
5127716917
5180764405
5183675629
5184042880
5222913979
5228293705
5232337277
5250260756
5259299541
5263642717
5281885901
5311051917
5334686602
5335359193
5337075363
5383288877
5407877494
5408596403
5411996339
5414220409
5426375504
5437851984
5446382032
5459027090
5470332553
5478684865
5485562677
5516604124
5517184884
5538342003
5544385067
5560677307
5571216925
5572657545
5584934369
5601795427
5602712844
5603391467
5608466307
5610449322
5618242101
5628948128
5630985759
5631861909
5633251408
5635855696
5642998457
5646972355
5651254575
5658825222
5667879229
5685519102
5696939386
5698109301
5699946024
5703554147
5704834946
5718804188
5725893070
5732352881
5733423115
5734205858
5735851368
5735965865
5762420290
5766553771
5816584549
5845654059
5872584828
5881694541
5887147203
5887871704
5915320487
5934050272
5938109808
5940163654
5943060807
5945554495
5950061090
5976141380
5979955893
5985364351
5985908960
5986643274
5995245494
6011275855
6019168547
6027167937
6034554198
6036576740
6040159096
6045144247
6045266843
6058497163
6060575214
6063018876
6064339632
6087553420
6098370085
6158427693
6166430018